1 1 1 4 4 1 3 2 1 1 1 2 2
1 1 3 5 5 2 2 2 1 2 2
1 1 2 6 4 2 3 2 3 2
1 2 2 4 3 4 7 1 1 2
1 1 2 4 3 1 3 6 1 1 3
1 1 3 4 4 6 1 2 3
1 4 4 5 3 2 1 2 2 1
1 1 1 3 4 2 4 2 5 3 1 2
1 1 1 3 4 1 13 1 3 1
1 2 4 5 10 1 4 2
1 1 4 6 1 1 2 5 2
1 5 7 5 3 5 3
1 1 1 3 2 2 3 3 8 4 3
1 1 5 2 7 1 3
1 1 5 3 2 4
1 2 5 4 3 4
1 1 6 3 4 1 6
1 1 4 3 6 5 3 5
1 1 5 5 4 5 1 2
1 1 1 3 2 3 4 1 1 2 1
1 2 1 2 3 4 1 3 1 2
1 1 2 1 2 4 4 2 1 1 2 2
1 3 2 3 3 5 2 3 2 4 1
1 1 1 1 5 6 1 2 3 2 3
2 2 3 4 6 4 4
1 1 1 2 1 3 6 2 1
1 1 1 2 1 3 5 7 1
1 2 1 2 3 5 3 3 2 1
2 4 2 3 4 4 5 2 5 2 2
2 2 2 1 1 4 4 5 1 2 3 4
3 3 9 1 1 2 3 4
2 13 2 1 4 6
1 2 6 10 1 2 13
4 6 8 3 3 14
3 2 7 1 7 3 15
2 2 6 2 7 4 5 11
1 1 1 5 3 7 4 4 3 4
2 2 3 4 4 3 4 3 3
3 2 7 4 3 4
11 5 2 5 3 2
13 5 2 5 2 2 1 2
10 5 2 6 1 1 1 4
10 5 3 5 2 2 2 4
6 2 4 3 6 3 2 1
3 3 2 5 2 6 4 4
4 8 5 2 7 2 2 1
5 2 7 2 6 2 1 3
4 3 2 5 3 7 1 1 3
4 5 3 5 3 7 2 1
1 2 1 11 3 5 3 1
1 6 1 2 5 3 1 2 1 2
1 2 2 1 2 5 3 3 1 2 2 1
2 2 5 1 5 1 2 4 1 1 2
3 1 2 1 5 5 2 2 2 2 1
4 1 3 2 2 2 2 1 3 1
2 12 7 2 3 3 1 1
2 1 1 1 1 1 1 3 3 2 3 2 2 3
3 1 1 1 1 2 3 4 2 2 1 2 3 1 1 1
13 3 4 2 2 4 1 5
10 3 4 2 2 2 6

3 1 3 1 5
25 3 2 2 2 2 8
3 1 1 1 1 3 4 7
1 2 3 2 2 2 2 10 3 3
3 2 2 2 2 5 2 3 9 4 3 2
2 2 2 2 2 2 2 1 2 9 1 2 1 3
1 1 3 2 2 2 1 4 7 3 1 2 2
3 20 2 2 2 5 2 1 1 3
2 14 3 2 4 6 2 1 2 2
2 16 3 1 4 5 1 4 1 3
1 2 4 2 3 5 5 2 2 2 2
2 1 3 1 5 3 2 2 4 2
2 3 2 3 3 5 4 6 1 2 1
12 1 1 2 4 2 5 3 2 6 1 2
14 2 1 1 7 4 1 2 2 3
13 1 2 2 1 3 4 1 2 3
12 2 1 2 4 1 3 1
4 3 2 5 2 1 4
2 1 2 5 2 15 1 1
2 3 1 1 36
7 2 40
9 3 8 24 5
8 3 8 15 5
2 12 8 10 1
2 1 11 2 10 5
4 10 2 15 7
5 2 8 5 10 7
2 3 1 6 9 5 1 3
1 3 1 3 12 4
2 2 2 3 15 9
3 1 2 5 1 13 1 3
3 2 1 2 3 2 18
4 4 3 2 4 6 1 9 8
9 3 6 2 2 2 7 5
9 2 3 2 3 3 4 2
3 2 2 5 1 8 2 2 2 1 2 2
3 3 3 2 4 2 6 1 1 1 1 4 1 2
8 7 2 1 1 4 2 2 2 2 4
20 3 2 1 7 3 2
4 2 1 1 2 5 3 3
3 1 1 1 1 5 2 2 2 3 1 3
2 2 2 2 1 1 1 4 1 2 2 3 2 1 1
3 2 3 2 4 1 3 5 4 1 2 1 2 2 1
3 2 4 2 2 1 2 7 2 1 5 1
18 1 2 1 7 2 1
5 5 2 2 6 1 2 1 1 3
1 3 5 2 1 9 1 2 4 1
3 7 3 8 1 1 2 3 3
6 10 4 2 3 1 5 1
7 8 5 1 3 3
