12 14
9 3 11
11 3 12
10 18
7 19
9 1 17
7 19
10 4 13
8 2 6 3
4 1 3 6
7 2 1 1 1 2
1 4 2 2
2 6 1
5 6 2
3 3 3
2 4 1
1 3 3 1
3 3 1 1
4 2 1 1 3
4 4 2 3 2
3 1 2 1 2 2 1
5 1 2 2 2
4 2 2 4 1
1 3 2 2 7
6 3 3 3
7 1 2 3
7 1 2
3 2 3 2 1
6 1 4 2 2
4 1 4 3 3

11 2 2 1 4 2
11 2 5 6
11 2 6 6
11 3 14
9 1 2 3 6 1
9 1 4 4 2
9 1 3 3
4 1 2 3 2
4 1 1 1 2
1 2 1 4
1 1 5
1 4 1 2
2 3 1 1
10 1 1
7 1 2 1 2 1 2
6 5 5 2
2 4 4 4 2 2
1 5 4 1 2 2
1 7 3 3 3
9 2 2 1 1
10 2 3
10 3 2
11 1 1
9 2 2
8 3 2 3
8 1 1 3 3 1
8 2 1 7
10 3 4 1
12 2 2
11 2 3
