1 28
1 27
1 27
1 27
1 28
30
7 17 4
7 5 4 1 3
7 3 2 3
4 4 5 2
2 3 7 6 3
1 1 2 2 4 1 2 1 1 1
1 1 2 3 1 1
1 2 2
1 1 2
1 1 1
2 1 1
1 2 2 1 2 1 1
3 1 1 2 3
4 1 1 1 3
5 1 1 2 4
5 1 4 1 4
5 10 4
5 2 1 4
5 1 1 6 1 5
5 3 1 3 1 6
6 1 2 1 7
6 4 1 3 9
7 12 7
9 8 8

1 1 5 3 13
1 1 4 1 1 12
1 6 2 12
11 11
18 10
13 4 4
9 1 2
6 1 1
7 3 1
7 1 1 1
7 2 3
8 1 1 4
8 2 1 1 1 2
8 5 1 1 2
13 1 1 1 3
13 1 1 1 1 2
7 3 1 2 2 3
7 2 2 2 3
7 2 2 2 3
7 2 2 1 2
12 1 2 1 2
11 1 1 1 1 1 3
8 3 3 1 1 1
8 3 4
7 1 5
6 1 1 6
7 10
30
11 2 12
9 2 15
