26
6 2 17
2 2 2 16
2 1 1 3 12
3 1 3 11
3 3 1 9
2 2 1 6
2 6
2 5
2 4 4 4
2 1 1 1 1 4
3 3 1 1 3 2
1 1 3 1 1 3 1 1
1 2 3 1 1 4 1 1
2 1
1 4 1 1 5 2
2 1 1 1
2 2 2 1 1
1 2 2 2 3 2
1 2 2 1 1 2
3 3 3 1
4 12 1 1 2
6 2 1 1 1 1 1 1 2
1 2 2 7 1 1 3 1
2 4 3 1 1 1 4
2 5 1 1 1 5
1 2 2 2 2 1 1 2 2 1
4 3 2 1 4 2
4 5 5 2
1 2 2 3 2 2 2 1 

5 1
4 2 2 2 
8 3 4 4
12 2 4 4
6 6 2 2
2 1 1 5 1
2 1 2 1 4 1
4 1 2 1 2 2
3 1 3 1 1 1 5
1 1 1 1 1 2 2 4
5 1 2 2 3 2
3 1 3 1 2 2
1 2 1 4 2
2 1 1 4
4 3 3
6 1 2 1 1
7 1 2 1 2 7
3 3 1 2 1 1 1
4 1 3 1 1
6 1 1 1 1 6
5 1 2 1 1 1
6 1 1 1 2
7 6 2
6 1 4
8 1 5
9 8 2
14 1 4 1
12 3 2 4 1
11 3 2 2 2 2
11 2 4 4 
