14
9 9
9 9
9 1 1 9
10 2 2 10
10 1 2 1 10
28
6 6
3 3
26
3 5 5 3
2 1 1 1 1 2
4 5 5 4
1 2 2 3 3 2 2 1
1 1 1 4 4 1 1 1
1 1 1 2 1 1 2 1 1 1
1 1 1 4 4 1 1 1
2 2 2 2 4 2 2 2 2
5 4 1 1 4 5
6 1 1 6
10 10
2 8 8 2
3 20 3
3 16 3
4 16 4
5 4 4 5
2 2 2 2
2 2
3 3
16

6 2
5 1 2 4
11 8
24
7 2 4 2
7 1 5 3
7 1 1 5 4 2
6 2 2 8 2
7 2 1 1 5 1
7 2 1 3 1 5 1
7 2 7 6 1
3 1 2 3 2 8 1
2 4 1 1 4 1 6 1
1 1 1 1 1 4 1
1 2 1 1 3 1
1 2 1 1 3 1
1 1 1 1 1 4 1
2 4 1 1 4 1 6 1
3 1 2 3 2 8 1
7 2 7 6 1
7 2 1 3 1 5 1
7 2 1 1 5 1
6 2 2 8 2
7 1 1 5 4 2
7 1 5 3
7 2 4 2
24
11 8
5 1 2 4
6 2